[481.039,82.0878,36.909]
[0.0239595,0.99945,0.0226671,-0.00336808]
[-1,2,-2,4]
110.846
[349.496,263.204,39.0788]
[0.0390342,-0.995638,0.0835031,-0.014463]
[-1,2,0,4]
-101.814
[234.594,74.7753,37.4964]
[0.0285668,-0.997915,0.0578339,-0.00202864]
[1,2,1,0]
-117.751
[368.46,-117.096,35.4453]
[0.0312539,-0.998033,-0.051829,0.0163686]
[0,1,1,0]
-140.62
[499.904,-63.6917,38.4601]
[0.0267586,-0.998781,-0.00434823,0.0412395]
[0,1,1,0]
-148.394
[72.2771,87.0062,87.2883]
[0.043553,-0.970662,0.235584,0.0204465]
[0,2,0,0]
-98.313
[334.497,-80.8304,39.79]
[0.0461535,-0.996385,-0.0692569,-0.0170209]
[0,1,1,0]
-93.4379
[408.861,-132.874,41.0889]
[0.0408824,-0.996174,-0.0766252,-0.00977905]
[0,1,1,0]
-103.029
[216.117,-91.8373,42.4218]
[0.0170827,-0.998487,-0.0503211,-0.014119]
[0,1,0,0]
-85.7473
[314.216,-166.022,71.3889]
[0.033513,-0.996965,-0.0674104,-0.0198435]
[0,1,1,0]
-95.72
[153.426,-122.87,108.644]
[0.0192302,-0.998771,-0.0396322,0.0226974]
[0,1,0,0]
-76.1481
[153.841,105.885,79.5639]
[0.020481,-0.999236,-0.0329859,0.00454532]
[0,2,0,0]
-71.5542
[339.133,28.4832,33.609]
[0.00847098,-0.997676,-0.0674652,-0.00429278]
[0,2,0,0]
-72.7442
[475.156,-8.75692,113.723]
[0.0268828,-0.997077,-0.0695125,-0.0168032]
[0,2,0,1]
-73.9841
[185.301,122.262,125.813]
[0.0381571,-0.981899,0.182467,-0.0335214]
[0,2,0,0]
-67.3782
[289.333,62.8464,47.5205]
[0.0242449,-0.998349,0.0511993,0.00943979]
[0,2,0,0]
-69.4949
[414.675,23.4879,61.5057]
[0.0429976,-0.998971,0.0117658,0.00836246]
[0,2,0,1]
-72.6469
[478.18,137.369,147.718]
[0.0490926,0.994921,0.0874744,0.00834108]
[-1,2,0,1]
-101.656
[222.129,80.0841,148.305]
[0.00499505,-0.99976,0.0118802,-0.0176911]
[-1,2,0,0]
-102.903
[313.823,-131.348,69.126]
[0.0116869,-0.996417,-0.0750674,-0.0371608]
[0,1,0,0]
-84.965
[443.157,-161.936,110.543]
[0.0364222,-0.99791,0.0528747,0.00723963]
[0,0,1,0]
-97.8096
[469.091,-105.317,53.6551]
[0.0408414,-0.998951,-0.0180908,0.0100355]
[0,0,1,0]
-98.0598
[326.897,126.26,41.9425]
[0.00223975,0.999925,-0.0119876,-0.00123876]
[0,0,1,1]
-68.4007
[444.686,-83.7929,61.6597]
[0.0257556,-0.997875,-0.0596776,0.00458003]
[0,0,1,0]
-87.2491
[429.924,6.79959,130.442]
[0.00464281,-0.996684,-0.0811122,0.0044336]
[-1,1,1,4]
-131.415
[550.089,-9.4729,45.7941]
[0.0414758,-0.998986,-0.00224065,0.0173775]
[-2,1,1,4]
-153.446
[375.623,-81.4014,39.6026]
[0.00417902,-0.998793,-0.0471222,-0.0132425]
[-2,1,1,4]
-141.449
[150.507,14.7171,48.6785]
[0.0244655,0.999677,0.00358787,0.0058309]
[-2,2,0,4]
-112.949
[197.117,-136.734,50.4953]
[0.0202736,-0.999318,0.0307959,0.00196648]
[-2,1,0,4]
-111.171
[359.527,-209.949,35.0956]
[0.00130852,0.997846,0.0580283,-0.0305798]
[-2,1,1,4]
-137.932
[465.354,-180.154,33.3918]
[0.0418073,-0.997912,-0.0482676,0.00973208]
[-2,1,1,4]
-146.911
[567.38,-131.995,49.1632]
[0.033816,-0.999405,-0.00637243,-0.00230383]
[-2,1,1,4]
-155.476
[479.403,-215.417,38.91]
[0.0235981,-0.994253,-0.0981482,0.0356613]
[-2,1,1,4]
-155.929
[143.914,-182.896,113.701]
[0.0284554,-0.992577,0.104342,0.0556158]
[-2,1,1,4]
-112.98
[138.182,269.441,46.7127]
[5.24724E-05,0.993532,-0.10985,-0.0287515]
[-1,2,0,4]
-128.355
[216.238,264.24,45.7771]
[0.0112396,-0.998876,0.0396443,0.0234402]
[-1,2,0,4]
-120.614
[288.7,176.075,41.5457]
[0.0279556,-0.999494,0.0124653,0.00869609]
[-1,2,1,4]
-125.42
[303.028,50.5599,42.6381]
[0.0566608,-0.99821,-0.0125264,0.0144704]
[-1,1,1,4]
-136.397
[396.106,-8.90239,43.7956]
[0.0262135,-0.999643,-0.00171816,0.00486342]
[-1,1,1,4]
-141.282
[248.632,-49.0349,33.1454]
[0.00878468,-0.999621,-0.0133994,0.0223684]
[-1,2,1,4]
-138.461
