[-2.570253610610962, -16.290531158447266, 494.6527099609375]
[132.61134338378906, -12.992706298828125, 535.4147338867188]
[60.577178955078125, -55.04829025268555, 402.00872802734375]
[-78.07145690917969, -6.286341190338135, 518.1060791015625]
[-45.50613021850586, 42.1248664855957, 656.8339233398438]
[21.791906356811523, -37.38568878173828, 449.34808349609375]
[131.2913360595703, -9.385015487670898, 541.4442138671875]
[-104.6833724975586, 51.79255676269531, 679.0994873046875]
[-67.11168670654297, -44.05263900756836, 416.639892578125]
[8.812297821044922, -67.24437713623047, 317.99102783203125]
[28.850372314453125, -32.773738861083984, 450.1895446777344]
[-36.16672897338867, 1.8561009168624878, 535.4147338867188]
[-97.1065444946289, -37.546688079833984, 424.73712158203125]
[117.2665023803711, -28.91350555419922, 490.61474609375]
[117.2665023803711, -28.91350555419922, 490.61474609375]
