[-162.58689880371094, 158.74081420898438, 1144.7677001953125]
[-181.13754272460938, 235.4207000732422, 1358.198974609375]
[37.39950180053711, 269.47918701171875, 1439.5281982421875]
[-102.33094787597656, 113.00193786621094, 1018.6492309570312]
[-64.05863189697266, 253.9618377685547, 1422.492431640625]
[95.09938049316406, 288.0851745605469, 1483.9581298828125]
[-123.5197525024414, 169.4691162109375, 1150.2451171875]
[73.35210418701172, 196.47259521484375, 1245.6021728515625]
[15.549501419067383, 108.92847442626953, 997.5154418945312]
[-91.16035461425781, 251.4961700439453, 1422.492431640625]
[-53.33807373046875, 105.03460693359375, 993.3934936523438]
[108.1299819946289, 82.369873046875, 931.7876586914062]
[-23.36832618713379, 204.09535217285156, 1226.536865234375]
[147.3348388671875, 217.96334838867188, 1232.8267822265625]
[-91.16035461425781, 266.2900695800781, 1422.492431640625]
[-157.93765258789062, 170.37269592285156, 1184.242431640625]
[-8.428767204284668, 96.1603012084961, 973.2843017578125]
[213.60813903808594, 117.72785949707031, 893.684814453125]
[-171.5740966796875, 180.07907104492188, 1208.0462646484375]
[-71.63545989990234, 50.77999496459961, 861.6531372070312]
[-116.19937896728516, 249.5322723388672, 1397.6815185546875]
[72.74127197265625, 273.61273193359375, 1448.2000732421875]
[27.19223403930664, 98.64608001708984, 981.2294921875]
[186.22068786621094, 244.99130249023438, 1208.0462646484375]
[243.4227752685547, 137.8297576904297, 924.6200561523438]
[46.78438949584961, 257.5079345703125, 1350.568603515625]
[1.727722406387329, 108.92847442626953, 997.5154418945312]
[102.13121795654297, 157.24325561523438, 1133.968017578125]
[-186.50404357910156, 201.83648681640625, 1252.0897216796875]
[46.099334716796875, 65.4805908203125, 858.5758056640625]
[-187.0963592529297, 122.98916625976562, 1059.0362548828125]
[-111.19268035888672, 243.861083984375, 1365.916015625]
[82.92334747314453, 114.76759338378906, 1018.6492309570312]
[43.3228874206543, 248.08987426757812, 1389.6024169921875]
[-146.2960662841797, 131.3902130126953, 1082.888427734375]
[119.20587158203125, 100.81321716308594, 969.3597412109375]
[-82.89067840576172, 148.54393005371094, 1112.9686279296875]
[77.19424438476562, 241.12106323242188, 1350.568603515625]
[21.479976654052734, 87.6381607055664, 953.9730834960938]
[207.32669067382812, 133.1348114013672, 997.5154418945312]
[-52.68495559692383, 234.7096405029297, 981.2294921875]
[-85.0865707397461, 150.37240600585938, 1045.22265625]
[11.612221717834473, 240.7200164794922, 957.7738037109375]
[29.47830581665039, 169.62789916992188, 1063.72216796875]
[90.91289520263672, 232.91229248046875, 1049.7869873046875]
[-3.9467403888702393, 280.4295959472656, 1139.34228515625]
[-129.49652099609375, 255.2005615234375, 1150.2451171875]
[-116.00666809082031, 205.2376708984375, 1196.0260009765625]
[-188.4182586669922, 360.824951171875, 1343.0235595703125]
[-200.57382202148438, 304.8985290527344, 1465.861083984375]
[-85.34519958496094, 320.9325256347656, 1493.17529296875]
[-36.6624870300293, 330.2108459472656, 1511.9573974609375]
[30.653823852539062, 396.2433776855469, 1474.8541259765625]
[-86.74606323242188, 477.4626159667969, 1669.452880859375]
[-64.05863189697266, 399.2109680175781, 1681.12744140625]
[-216.19786071777344, 462.10369873046875, 1541.033447265625]
[-178.84825134277344, 360.762451171875, 1613.4310302734375]
[79.8539047241211, 473.776123046875, 1646.583740234375]
[68.91825103759766, 416.69464111328125, 1657.939453125]
[74.61163330078125, 370.9305114746094, 1389.6024169921875]
[78.84139251708984, 303.2748107910156, 1422.492431640625]
[39.467403411865234, 258.7061462402344, 1139.34228515625]
[-43.07390594482422, 205.26828002929688, 1184.242431640625]
[-65.05953979492188, 453.1554260253906, 1502.507568359375]
[-40.03664779663086, 344.57440185546875, 1541.033447265625]
[-205.97573852539062, 356.8501892089844, 1278.7298583984375]
[-181.13754272460938, 263.6711730957031, 1358.198974609375]
[-157.5006561279297, 269.9456481933594, 1045.22265625]
[-136.83885192871094, 181.93710327148438, 1128.6441650390625]
[67.21846771240234, 300.8423156738281, 1078.0323486328125]
[67.45838928222656, 270.0367431640625, 1343.0235595703125]
[-106.6341781616211, 391.28643798828125, 1465.861083984375]
[-36.433345794677734, 328.14703369140625, 1502.507568359375]
[-248.898193359375, 405.05511474609375, 1343.0235595703125]
[-199.4639892578125, 291.93572998046875, 1439.5281982421875]
[-25.492719650268555, 367.79681396484375, 1226.536865234375]
[103.37738037109375, 451.1797180175781, 1657.939453125]
[79.8539047241211, 422.4028015136719, 1646.583740234375]
[-152.4252166748047, 509.7068786621094, 2146.439453125]
