[551, 30, 45]
[516, -196, 43]
[274, -196, 40]
[523, 174, 45]
[380, -210, 37]
[203, -223, 39]
[510, 36, 51]
[276, -21, 39]
[401, 213, 40]
[407, -231, 38]
[470, 207, 45]
[305, 305, 41]
[385, -12, 35]
[205, 4, 38]
[416, -213, 38]
[534, -6, 42]
[427, 230, 37]
[205, 345, 38]
[542, -40, 44]
[521, 329, 38]
[440, -207, 43]
[231, -201, 39]
[392, 234, 37]
[155, 38, 40]
[170, 319, 85]
[277, -127, 53]
[410, 202, 43]
[275, 97, 38]
[548, -89, 48]
[394, 360, 45]
[598, 96, 45]
[448, -181, 46]
[318, 198, 37]
[280, -154, 38]
[549, 96, 40]
[302, 266, 43]
[480, 74, 45]
[252, -132, 42]
[411, 267, 38]
[141, 3, 42]
