[-185.05825805664062, 75.93102264404297, 1068.4498291015625]
[-222.66368103027344, 142.612060546875, 1285.5679931640625]
[-9.304605484008789, 162.95321655273438, 1343.0235595703125]
[-111.55870819091797, 39.310813903808594, 907.1744384765625]
[-106.40850830078125, 150.4730682373047, 1335.5623779296875]
[44.34828186035156, 177.52671813964844, 1422.492431640625]
[-148.57652282714844, 82.60467529296875, 1059.0362548828125]
[38.78059005737305, 106.2162857055664, 1178.4373779296875]
[0.0, 28.519025802612305, 914.0730590820312]
[-138.793701171875, 150.4730682373047, 1335.5623779296875]
[-60.1439323425293, 30.866268157958984, 890.3748779296875]
[108.55651092529297, 14.881951332092285, 858.5758056640625]
[-53.2809944152832, 90.8433837890625, 1139.34228515625]
[110.21852111816406, 106.2162857055664, 1178.4373779296875]
[-140.3273162841797, 149.64170837402344, 1328.1834716796875]
[-183.36048889160156, 84.103515625, 1102.7579345703125]
[-18.302465438842773, 21.368953704833984, 880.5905151367188]
[215.7887420654297, 4.562350273132324, 877.376708984375]
[-197.43890380859375, 95.85933685302734, 1128.6441650390625]
[-67.62877655029297, -15.924635887145996, 765.6089477539062]
[-159.80030822753906, 148.6586456298828, 1299.466064453125]
[25.876789093017578, 160.08607482910156, 1358.198974609375]
[16.963674545288086, 24.693017959594727, 890.3748779296875]
[162.4901885986328, 107.73080444335938, 1172.6888427734375]
[232.50479125976562, 66.91447448730469, 877.376708984375]
[8.812297821044922, 156.5360870361328, 1271.964111328125]
[-9.392054557800293, 36.02998733520508, 903.7639770507812]
[77.72447204589844, 70.3750991821289, 1068.4498291015625]
[-218.19970703125, 112.18701934814453, 1155.775146484375]
[47.01076889038086, -5.376705169677734, 775.48779296875]
[-208.19053649902344, 54.64847946166992, 985.2509155273438]
[-156.4182891845703, 143.30767822265625, 1271.964111328125]
[66.09223937988281, 38.031654357910156, 953.9730834960938]
[0.0, 147.85939025878906, 1292.4796142578125]
[-162.78273010253906, 51.443782806396484, 989.305419921875]
[102.9256591796875, 28.091773986816406, 900.3790893554688]
[-105.4129409790039, 68.57000732421875, 1014.3511352539062]
[26.5775146484375, 146.2864227294922, 1278.7298583984375]
[8.859171867370605, 11.821124076843262, 852.486572265625]
[167.38938903808594, 119.35474395751953, 1208.0462646484375]
