[551.261,30.4487,44.9095],[0.00410134,0.0695579,-0.997437,-0.0162691],[-1,1,-1,4],[-149.15]
[515.54,-196.275,43.1481],[0.0210949,0.0457252,0.998729,0.0021642],[-2,1,-1,4],[-166.426]
[273.776,-196.434,39.5785],[0.0188057,0.0898408,0.99502,0.0388656],[-2,1,-1,4],[-132.464]
[523.508,174.044,45.0955],[0.0460624,0.0172918,0.998635,0.0175051],[-1,1,-1,4],[-129.709]
[380.409,-209.624,36.9814],[0.0199969,0.113832,0.99327,-0.00758953],[-2,1,-1,4],[-153.023]
[203.098,-223.186,38.7653],[0.00946988,0.107554,0.993538,0.0350003],[-2,1,-1,4],[-132.695]
[509.782,36.4397,50.9666],[0.0106529,0.105409,-0.993684,-0.0369861],[-1,1,-1,4],[-137.461]
[276.32,-21.3118,38.6203],[0.00951209,0.00175267,-0.99993,0.00684141],[-1,2,-1,4],[-128.707]
[400.684,212.683,40.2795],[0.00471216,-0.094149,0.994636,0.0425786],[-1,1,-1,4],[-126.62]
[406.967,-231.359,38.1732],[0.000365197,0.0217621,0.998821,-0.0434021],[-2,1,-1,4],[-159.581]
[470.056,207.356,45.4304],[0.0141494,0.0129992,0.999539,0.0234893],[-1,1,0,4],[-115.356]
[304.804,304.997,41.4556],[0.0470521,-0.0609308,-0.997017,-0.00549363],[-1,1,0,5],[-112.057]
[385.013,-12.2913,54.7011],[0.00603666,0.0458779,-0.99853,-0.0282078],[-1,1,-1,4],[-140.036]
[205.276,3.92758,57.6349],[0.00622307,-0.0273734,0.999604,0.00178969],[-1,2,-2,4],[-126.192]
[416.318,-213.36,48.4142],[0.0132953,-0.0459128,0.998743,0.0150624],[-2,1,-1,4],[-156.593]
[534.33,-5.74705,41.5782],[0.0118836,0.0258827,0.999441,0.0175209],[-2,1,-1,4],[-144.968]
[426.729,229.893,37.3304],[0.00352146,0.0593146,-0.997454,-0.0394371],[-1,1,-1,4],[-109.438]
[204.956,345.377,37.5152],[0.0115499,-0.00778298,-0.999831,-0.0120232],[-1,1,0,5],[-120.985]
[542.393,-39.5761,44.1711],[0.00810406,0.0043322,0.999942,0.00558343],[-1,1,-1,4],[-159.379]
[520.888,328.832,37.637],[0.00309692,0.0565562,-0.997768,-0.0353554],[-1,1,0,4],[-132.872]
[440.336,-207.243,42.5115],[0.00656635,-0.00311817,-0.999944,0.00772332],[-2,1,-1,4],[-163.156]
[231.218,-201.458,39.1486],[0.00110952,-0.114899,-0.993232,-0.0169393],[-2,2,-1,4],[-148.027]
[391.511,234.475,37.3648],[0.0103745,-0.0437421,0.998343,0.035934],[-1,1,-1,4],[-178.448]
[155.314,38.3373,85.9355],[0.00106329,0.131083,0.990378,0.0443513],[-1,2,-1,4],[-150.931]
[169.85,318.75,85.2697],[0.00371037,-0.0286678,0.999467,0.0151609],[0,2,-1,4],[-179.269]
[277.245,-126.765,53.361],[0.010101,0.0335615,0.998641,0.0385789],[-1,2,-1,4],[-155.01]
[409.889,201.841,43.3528],[0.00349756,-0.00868716,0.999956,8.50405E-5],[-1,1,-1,4],[-179.151]
[274.905,97.0028,38.3223],[0.0119111,0.0218507,-0.999685,-0.00323473],[-1,2,-1,4],[-172.79]
[548.392,-89.0135,47.9938],[0.00872527,0.00616313,0.999941,0.00190101],[-1,1,-1,4],[166.725]
[394.165,360.014,45.2536],[0.026463,0.0986415,-0.991916,-0.0753192],[-1,1,0,4],[-175.882]
[598.309,95.9561,44.5795],[0.00542028,-0.0547377,0.998447,-0.00880837],[-1,1,0,4],[157.52]
[447.78,-180.74,46.3879],[0.0201187,-0.0264105,0.999349,-0.0141426],[-2,1,-1,4],[-166.806]
[318.494,198.15,37.1714],[0.0181078,0.0423951,-0.998911,-0.00719873],[-1,1,-1,4],[-160.813]
[280.04,-154.36,38.4687],[0.0264079,0.0783795,0.996574,0.000125104],[-2,1,-1,4],[-135.007]
[548.939,95.9265,39.5183],[0.00454738,-0.0510443,0.998044,0.0358161],[-1,1,-1,4],[-133.846]
[301.791,265.916,42.8511],[0.0255787,-0.0383973,0.998935,0.000488869],[-1,0,0,5],[-113.479]
[479.947,73.9332,44.6116],[0.0245223,-0.0605874,0.997764,0.0139672],[-1,1,-1,4],[-139.57]
[252.341,-131.686,42.3043],[0.0122726,-0.00139976,0.999849,-0.0121822],[-2,1,-1,4],[-133.07]
[411.012,267.241,37.7587],[0.0280404,-0.100594,0.993815,0.0377542],[-1,1,-1,4],[-116.516]
[186.83,246.00,53.47],[0.0109352,0.00313757,-0.999453,-0.0310391],[-1,2,-1,4],[-160.483]