[551.254, 30.4565, 44.9022]
[515.538, -196.268, 43.1391]
[273.764, -196.429, 39.569]
[523.498, 174.05, 45.0898]
[380.401, -209.62, 36.9705]
[203.087, -223.181, 38.7559]
[509.772, 36.4473, 50.9593]
[276.306, -21.3064, 38.616]
[400.672, 212.687, 40.2758]
[406.961, -231.355, 38.1627]
[470.043, 207.365, 45.4265]
[304.793, 305.002, 41.4565]
[385, -12.2884, 54.6938]
[205.263, 3.93113, 57.6338]
[416.311, -213.356, 48.403]
[534.321, -5.74089, 41.5699]
[426.716, 229.901, 37.328]
[204.95, 345.379, 77.5173]
[542.388, -39.5716, 44.1635]
[520.879, 328.84, 37.6337]
[440.331, -207.237, 42.5004]
[231.206, -201.455, 39.1414]
[391.51, 234.47, 37.358]
[155.307, 38.3372, 85.9357]
[169.846, 318.745, 85.268]
[277.234, -126.764, 53.354]
[409.887, 201.838, 43.3452]
[274.898, 96.9979, 38.3189]
[548.39, -89.0091, 47.9838]
[394.163, 360.013, 45.2468]
[598.309, 95.9617, 44.5703]
[447.773, -180.737, 46.3764]
[318.486, 198.146, 37.167]
[280.026, -154.356, 38.46]
[548.93, 95.9341, 39.5122]
[301.781, 265.922, 42.8522]
[479.936, 73.9364, 44.6038]
[252.324, -131.683, 42.2972]
[411.001, 267.246, 37.7571]
[186.824, 245.997, 53.4702]
[458.129, 160.233, 157.16]
[489.358, 146.917, 60.0417]
[400.28, 213.13, 164.389]
[360.881, 144.161, 62.0609]
[281.899, 151.389, 122.625]
[374.929, 36.5105, 139.405]
[502.429, -5.75268, 118.573]
[480.701, -11.965, 59.932]
[513.384, -218.691, 153.626]
[493.219, -279.736, 59.9946]
[375.99, -297.106, 60.0307]
[321.286, -312.755, 59.9946]
[251.814, -293.705, 132.251]
[330.431, -502.29, 141.837]
[315.372, -479.935, 63.333]
[489.65, -425.747, 170.112]
[450.073, -428.121, 60.0002]
[162.782, -450.762, 136.596]
[177.119, -440.727, 80.9303]
[238.614, -202.595, 134.208]
[218.971, -216.433, 59.9928]
[323.238, 31.8057, 118.596]
[404.42, 13.9615, 59.9946]
[344.745, -354.362, 169.699]
[320.103, -340.399, 59.9996]
[550.148, -139.585, 166.896]
[511.713, -194.588, 59.9915]
[549.386, 73.2504, 170.304]
[521.755, 45.9911, 62.4779]
[296.232, 60.9737, 179.73]
[249.619, -128.266, 59.9932]
[407.172, -293.616, 130.815]
[309.914, -304.03, 59.9819]
[582.369, -233.86, 187.127]
[516.306, -270.681, 60.0264]
[373.294, -76.2131, 189.158]
[128.185, -444.916, 114.567]
[176.432, -417.128, 89.3642]
[371.32, -494.456, 69.0781]
