[[-0.92623124 -0.13817656 -0.35071774]
 [ 0.37559562 -0.25932592 -0.88976289]
 [ 0.03199418 -0.95585423  0.29209428]]
[ 702.4814346  1077.44936097 -191.34991418]

[[-0.91848099 -0.10433763 -0.38145293]
 [ 0.3948439  -0.29599143 -0.86976282]
 [-0.02215781 -0.94947498  0.31305958]]
[ 734.1088165  1058.39903609 -228.29970396]

[[-0.93310337 -0.17254745 -0.3155083 ]
 [ 0.35288579 -0.27050023 -0.8957127 ]
 [ 0.06920788 -0.94713093  0.31329422]]
[ 662.36055108 1076.00707192 -208.33337613]

[[-0.91716034 -0.28661844 -0.27688769]
 [ 0.35331986 -0.26342868 -0.89764715]
 [ 0.18434206 -0.92111628  0.34287432]]
[ 629.14879567 1070.31684155 -226.04853855]

[[-0.93480345 -0.16182031 -0.31615929]
 [ 0.3513136  -0.29054895 -0.89003374]
 [ 0.05216579 -0.94307767  0.32845583]]
[ 660.7177316  1059.75511264 -228.96709574]

[[-0.91229241 -0.18054672 -0.36759413]
 [ 0.40359273 -0.24394284 -0.88181903]
 [ 0.06953758 -0.95283512  0.29541455]]
[ 732.92263401 1065.33451297 -185.77280257]

[[-0.9244977  -0.16257257 -0.34478134]
 [ 0.37964357 -0.31136324 -0.87116226]
 [ 0.03427485 -0.93628152  0.34957423]]
[ 714.16206485  994.61887528 -289.9303859 ]

