[18.804306030273438, -8.065057754516602, 775.48779296875]
[-253.22769165039062, 37.41748046875, 981.2294921875]
[-227.116943359375, 149.2969970703125, 1285.5679931640625]
[24.686628341674805, 39.52834701538086, 950.2024536132812]
[-72.41410064697266, 160.78977966308594, 1306.5283203125]
[-209.0472869873047, 39.44023513793945, 989.305419921875]
[65.744384765625, 32.89694595336914, 903.7639770507812]
[-150.45704650878906, 61.27862548828125, 1010.0891723632812]
[-35.62618637084961, 162.66688537597656, 1285.5679931640625]
[-23.708532333374023, 7.41449499130249, 855.5203247070312]
