{
 "cells": [
  {
   "cell_type": "code",
   "execution_count": 2,
   "id": "a7c08dad",
   "metadata": {},
   "outputs": [
    {
     "name": "stdout",
     "output_type": "stream",
     "text": [
      "chess_to_cam_T is: [array([[ 0.05418929],\n",
      "       [-0.06419668],\n",
      "       [ 0.39711058]]), array([[-0.11631906],\n",
      "       [-0.07964155],\n",
      "       [ 0.39275717]]), array([[0.1221848 ],\n",
      "       [0.05505763],\n",
      "       [0.35671759]]), array([[-0.07425948],\n",
      "       [ 0.03702354],\n",
      "       [ 0.33609526]]), array([[-0.00932829],\n",
      "       [ 0.10122347],\n",
      "       [ 0.35569078]]), array([[-0.04010734],\n",
      "       [ 0.03727042],\n",
      "       [ 0.41037381]]), array([[ 0.03476735],\n",
      "       [-0.09092298],\n",
      "       [ 0.44136333]]), array([[0.02215647],\n",
      "       [0.00334369],\n",
      "       [0.42765002]]), array([[0.16825633],\n",
      "       [0.00080361],\n",
      "       [0.40465769]]), array([[-0.1019604 ],\n",
      "       [-0.00548816],\n",
      "       [ 0.43585263]]), array([[-0.11973229],\n",
      "       [ 0.03800298],\n",
      "       [ 0.39819154]]), array([[0.09775245],\n",
      "       [0.00264186],\n",
      "       [0.36520473]])]\n",
      "base_to_end_T is: [array([[ 0.25554604],\n",
      "       [ 0.50248155],\n",
      "       [-0.19075317]]), array([[ 0.22735959],\n",
      "       [-0.53979593],\n",
      "       [-0.2613598 ]]), array([[0.41228128],\n",
      "       [0.31867069],\n",
      "       [0.09679572]]), array([[ 0.1137462 ],\n",
      "       [-0.35983142],\n",
      "       [-0.50111398]]), array([[ 0.25916091],\n",
      "       [ 0.53586759],\n",
      "       [-0.1696989 ]]), array([[0.51572461],\n",
      "       [0.05211318],\n",
      "       [0.34297218]]), array([[0.51899749],\n",
      "       [0.12325624],\n",
      "       [0.25683645]]), array([[0.37984735],\n",
      "       [0.47847889],\n",
      "       [0.09432766]]), array([[0.3583302 ],\n",
      "       [0.349534  ],\n",
      "       [0.10955894]]), array([[ 0.34202128],\n",
      "       [-0.5277045 ],\n",
      "       [ 0.15841976]]), array([[-0.09713762],\n",
      "       [-0.34083246],\n",
      "       [-0.52541722]]), array([[ 0.26616584],\n",
      "       [-0.51000174],\n",
      "       [-0.12734074]])]\n",
      "[[ 0.92308556 -0.33763526  0.18416154]\n",
      " [ 0.16417421  0.77895515  0.60520715]\n",
      " [-0.34779286 -0.52842341  0.77447326]]\n",
      "[[-0.39775485]\n",
      " [-0.49902521]\n",
      " [ 0.02219371]]\n",
      "标定结果：\n",
      " [[ 0.92308556 -0.33763526  0.18416154 -0.39775485]\n",
      " [ 0.16417421  0.77895515  0.60520715 -0.49902521]\n",
      " [-0.34779286 -0.52842341  0.77447326  0.02219371]\n",
      " [ 0.          0.          0.          1.        ]]\n",
      "第 0 次\n",
      "[[ 0.630644    0.76139431  0.15022266  0.02241321]\n",
      " [ 0.55939782 -0.31180586 -0.7680177   0.29556114]\n",
      " [-0.537924    0.56837998 -0.62256081  0.22827796]\n",
      " [ 0.          0.          0.          1.        ]]\n",
      "\n",
      "第 1 次\n",
      "[[ 0.67120843 -0.19511201  0.71512974 -0.31968806]\n",
      " [-0.32841843  0.78661065  0.52286233 -0.17119488]\n",
      " [-0.66454539 -0.58581139  0.46390132 -0.14252874]\n",
      " [ 0.          0.          0.          1.        ]]\n",
      "\n",
      "第 2 次\n",
      "[[ 0.59361264  0.77502293 -0.21671061  0.15920177]\n",
      " [ 0.72031987 -0.63178074 -0.28634311  0.08032662]\n",
      " [-0.35883607  0.01387593 -0.93329745  0.28567953]\n",
      " [ 0.          0.          0.          1.        ]]\n",
      "\n",
      "第 3 次\n",
      "[[ 0.58948989 -0.19908188  0.78285891 -0.33069334]\n",
      " [-0.2744314   0.86215062  0.42589168 -0.13466695]\n",
      " [-0.75972961 -0.46589991  0.45359476 -0.20651461]\n",
      " [ 0.          0.          0.          1.        ]]\n",
      "\n",
      "第 4 次\n",
      "[[ 0.84057486  0.5376237   0.06629224 -0.06841218]\n",
      " [ 0.20764325 -0.20675686 -0.95610453  0.40445779]\n",
      " [-0.50031809  0.81744257 -0.28542856  0.17659066]\n",
      " [ 0.          0.          0.          1.        ]]\n",
      "\n",
      "第 5 次\n",
      "[[ 0.98610014 -0.03738215 -0.16189221  0.0241467 ]\n",
      " [ 0.02045306 -0.93964045  0.34155161 -0.17036116]\n",
      " [-0.16488841 -0.34011528 -0.925815    0.44738322]\n",
      " [ 0.          0.          0.          1.        ]]\n",
      "\n",
      "第 6 次\n",
      "[[ 9.85619688e-01 -9.99825080e-04 -1.68975827e-01  9.04088081e-02]\n",
      " [ 9.88471290e-02 -8.07630998e-01  5.81344490e-01 -2.30795412e-01]\n",
      " [-1.37051359e-01 -5.89687351e-01 -7.95918182e-01  3.16123225e-01]\n",
      " [ 0.00000000e+00  0.00000000e+00  0.00000000e+00  1.00000000e+00]]\n",
      "\n",
      "第 7 次\n",
      "[[ 0.80793215  0.54657457 -0.22023141  0.07150664]\n",
      " [ 0.42202965 -0.79753086 -0.43108642  0.22329929]\n",
      " [-0.41126222  0.25534439 -0.8750215   0.41470027]\n",
      " [ 0.          0.          0.          1.        ]]\n",
      "\n",
      "第 8 次\n",
      "[[ 0.7478807   0.57901758 -0.32467385  0.16687667]\n",
      " [ 0.52978204 -0.81531043 -0.2336662   0.07266085]\n",
      " [-0.40000681  0.00274807 -0.91650805  0.31578002]\n",
      " [ 0.          0.          0.          1.        ]]\n",
      "\n",
      "第 9 次\n",
      "[[ 0.84701615 -0.40108657  0.34884555 -0.26308847]\n",
      " [-0.33384816  0.10929907  0.93626872 -0.38907354]\n",
      " [-0.4136533  -0.90949617 -0.04132393  0.0766778 ]\n",
      " [ 0.          0.          0.          1.        ]]\n",
      "\n",
      "第 10 次\n",
      "[[ 0.8070577   0.22491684  0.54595813 -0.33364256]\n",
      " [-0.1202464   0.96784044 -0.22096535  0.15311174]\n",
      " [-0.57809919  0.11268228  0.80814852 -0.23191582]\n",
      " [ 0.          0.          0.          1.        ]]\n",
      "\n",
      "第 11 次\n",
      "[[ 0.9932767  -0.06915083  0.09284157 -0.10565715]\n",
      " [-0.02703546  0.64124596  0.76685898 -0.2983977 ]\n",
      " [-0.11256322 -0.76421317  0.63506515 -0.25135408]\n",
      " [ 0.          0.          0.          1.        ]]\n",
      "\n"
     ]
    },
    {
     "name": "stderr",
     "output_type": "stream",
     "text": [
      "C:\\Users\\aar20007\\AppData\\Local\\Temp\\ipykernel_21420\\3982928081.py:91: DeprecationWarning: `row_stack` alias is deprecated. Use `np.vstack` directly.\n",
      "  RT_base_to_end=np.row_stack((RT_base_to_end,np.array([0,0,0,1])))\n",
      "C:\\Users\\aar20007\\AppData\\Local\\Temp\\ipykernel_21420\\3982928081.py:94: DeprecationWarning: `row_stack` alias is deprecated. Use `np.vstack` directly.\n",
      "  RT_chess_to_cam=np.row_stack((RT_chess_to_cam,np.array([0,0,0,1])))\n"
     ]
    }
   ],
   "source": [
    "\"\"\"\n",
    "    眼在手外的手眼标定使用opencv函数cv2.calibrateHandEye\n",
    "    读取指定文件夹下标定板相对于相机chess_to_cam和end_to_base, 并求出camera相对于base的旋转矩阵。\n",
    "    \"\"\"\n",
    "import cv2\n",
    "import numpy as np\n",
    "import transforms3d as tfs\n",
    "import math\n",
    "import open3d as o3d\n",
    "import copy\n",
    "\n",
    "path1=\"E:/WorkSpace/programs/ZED-Open3d/Eye2Hand/Data/image/\"   #标定板相对于相机pose\n",
    "path2=\"E:/WorkSpace/programs/ZED-Open3d/Eye2Hand/Data/end2base/\"      #机械臂pose\n",
    "numData=12  #数据组数\n",
    "chess_to_cam = np.zeros(shape=(numData,6))\n",
    "end_to_base = np.zeros(shape=(numData,6)) \n",
    "\"\"\" for i in  range(0, numData, 1):             #读取pose数据\n",
    "    txtDir=path1+\"ZEDLeft\"+str(i)+\".txt\"   #shape 可能是shape(6,1)\n",
    "    txt=np.loadtxt(txtDir).reshape(1,6) #读取txt\n",
    "    txt[:,0:3]=txt[:,0:3]/1000\n",
    "    chess_to_cam[i,:]= txt              #np.append(chess_to_cam, txt,axis=0)\n",
    "    \n",
    "    RobotPose=path2+\"End2BasePoses\"+str(i)+\".txt\"   #shape 可能是shape(6,1)\n",
    "    txt2=np.loadtxt(RobotPose).reshape(1,6) #读取txt\n",
    "    end_to_base[i,:]= txt2           \"\"\"    \n",
    "\n",
    "\n",
    "# 标定板在相机坐标系下的平移 旋转向量\n",
    "chess_to_cam = [[ 0.05418929, -0.06419668,  0.39711058, -2.9976273, -0.67330669, -0.28534635],\n",
    "                [-0.11631906, -0.07964155,  0.39275717, 3.21465599, 0.03229772, 0.22894979],\n",
    "                [0.1221848,  0.05505763, 0.35671759, 2.93567566, 1.03199128, 0.22884697],\n",
    "                [-0.07425948,  0.03702354,  0.33609526, 3.06939635, 0.24315356, 0.41800747],\n",
    "                [-0.00932829,  0.10122347,  0.35569078, 3.08788962, 0.10030853, 0.01667269],\n",
    "                [-0.04010734,  0.03727042,  0.41037381, -3.17842059, -0.1270912, -0.158062],\n",
    "                [0.03476735, -0.09092298,  0.44136333, -3.00925257, -0.30915832, -0.21673868],\n",
    "                [0.02215647, 0.00334369, 0.42765002, -3.04357826, -0.46354661, -0.06893606],\n",
    "                [0.16825633, 0.00080361, 0.40465769, 3.0987636,  0.69388335, 0.04170716],\n",
    "                [-0.1019604,  -0.00548816,  0.43585263, 3.12137797, -0.1709356, 0.01390725],\n",
    "                [-0.11973229,  0.03800298,  0.39819154, 3.03525967, -0.6982821, -0.09134344],\n",
    "                [0.09775245, 0.00264186, 0.36520473, -3.0113346, -0.04030129, 0.35429879]]# 机械臂末端在基坐标系下的姿态（x y z rx ry rz）\n",
    "end_to_base = [[-0.352837, -0.478216, 0.031524, -90.248, -22.131, 51.770],\n",
    "               [-0.380905, -0.512619, 0.059280, -89.829, 3.205, 51.563],\n",
    "               [-0.347814, -0.398185, -0.037019, -93.345, -35.0, 54.113],\n",
    "               [-0.407478, -0.470825, -0.076273, -89.082, -5.482, 53.205],\n",
    "               [-0.397457, -0.459013, -0.120213, -90.145, 0.269, 43.073],\n",
    "               [-0.362895, -0.501056, -0.059730, -90.100, -1.064, 46.929],\n",
    "               [-0.314285, -0.498408, 0.057705, -89.496, -9.043, 47.461],\n",
    "               [-0.348414, -0.508882, -0.042078, -88.810, -13.996, 45.284],\n",
    "               [-0.285571, -0.425445, -0.004844, -87.643, -22.045, 44.916],\n",
    "               [-0.367625, -0.534044, 0.014010, -91.886, 9.570, 45.284],\n",
    "               [-0.390861, -0.498887, 0.002275, -92.364, 29.380, 39.0],\n",
    "               [-0.356676, -0.465285, -0.058769, -85.400, 2.048, 30.800]]\n",
    "chess_to_cam_R,chess_to_cam_T = [],[]\n",
    "end_to_base_R,end_to_base_T = [],[]\n",
    "base_to_end_R,base_to_end_T = [],[]\n",
    "for chess_cam in chess_to_cam:\n",
    "    cc=chess_cam[3:6]\n",
    "    cc_R, j = cv2.Rodrigues((cc[0],cc[1],cc[2]))\n",
    "    chess_to_cam_R.append(cc_R)\n",
    "    chess_to_cam_T.append(np.array(chess_cam[0:3]).reshape(3,1))\n",
    "for end_base in end_to_base:\n",
    "    ed=end_base[3:6]\n",
    "    ed_R, j2 = cv2.Rodrigues((ed[0],ed[1],ed[2]))\n",
    "    #end_to_base_R.append(tfs.euler.euler2mat(math.radians(ed[0]),math.radians(ed[1]),math.radians(ed[1]),axes='sxyz'))  #注意欧拉角顺序\n",
    "    end_to_base_R.append(ed_R)\n",
    "    end_to_base_T.append(np.array(end_base[0:3]).reshape(3,1))\n",
    "\n",
    "    Trans=-np.array(end_base[0:3]).reshape(3,1) #齐次旋转矩阵的逆矩阵，位移部分不是单纯方向相反\n",
    "    Trans=(ed_R.transpose())@Trans\n",
    "    base_to_end_R.append(ed_R.transpose())\n",
    "    base_to_end_T.append(Trans)\n",
    " \n",
    "#print(chess_to_cam_R)\n",
    "print(\"chess_to_cam_T is:\",chess_to_cam_T)\n",
    "#print(end_to_base_R)\n",
    "print(\"base_to_end_T is:\",base_to_end_T)\n",
    "#eye to hand 输入的是base_to_end_R,base_to_end_T 关键函数\n",
    "cam_to_base_R,cam_to_base_T = cv2.calibrateHandEye(base_to_end_R,base_to_end_T,chess_to_cam_R,chess_to_cam_T,\n",
    "                                                 method=cv2.CALIB_HAND_EYE_TSAI)    \n",
    "print(cam_to_base_R)\n",
    "print(cam_to_base_T)\n",
    "cam_to_base_RT = tfs.affines.compose(np.squeeze(cam_to_base_T), cam_to_base_R, [1, 1, 1])    #squeeze 删除维度\n",
    "print(\"标定结果：\\n\",cam_to_base_RT)\n",
    "mesh = o3d.geometry.TriangleMesh.create_coordinate_frame()\n",
    "mesh_t = copy.deepcopy(mesh).transform(cam_to_base_RT)\n",
    "# 可视化\n",
    "o3d.visualization.draw_geometries([mesh, mesh_t])\n",
    "# 结果验证，原则上来说，每次结果相差较小\n",
    "for i in range(0,numData):\n",
    "    RT_base_to_end=np.column_stack((base_to_end_R[i],base_to_end_T[i].reshape(3,1)))\n",
    "    RT_base_to_end=np.row_stack((RT_base_to_end,np.array([0,0,0,1])))\n",
    "    # print(RT_end_to_base)\n",
    "    RT_chess_to_cam=np.column_stack((chess_to_cam_R[i],chess_to_cam_T[i].reshape(3,1)))\n",
    "    RT_chess_to_cam=np.row_stack((RT_chess_to_cam,np.array([0,0,0,1])))\n",
    "    # print(RT_chess_to_cam)\n",
    "    RT_chess_to_end=RT_base_to_end@cam_to_base_RT@RT_chess_to_cam #棋盘格相对于机器人末端坐标系位姿，固定\n",
    "    # RT_chess_to_base=np.linalg.inv(RT_chess_to_base)\n",
    "    print('第',i,'次')\n",
    "    print(RT_chess_to_end)\n",
    "    print('')"
   ]
  }
 ],
 "metadata": {
  "kernelspec": {
   "display_name": ".venv",
   "language": "python",
   "name": "python3"
  },
  "language_info": {
   "codemirror_mode": {
    "name": "ipython",
    "version": 3
   },
   "file_extension": ".py",
   "mimetype": "text/x-python",
   "name": "python",
   "nbconvert_exporter": "python",
   "pygments_lexer": "ipython3",
   "version": "3.9.13"
  }
 },
 "nbformat": 4,
 "nbformat_minor": 5
}
